-0.600099999
-0.485561064
-0.371507038
-0.257000332
-1.430000e-01 3.197665e-07
-2.850000e-02 3.439483e-07
8.550000e-02 3.465625e-07
2.000000e-01 3.590282e-07
3.145000e-01 3.972199e-07
4.285000e-01 4.197104e-07
5.430000e-01 4.286740e-07
6.570000e-01 4.396243e-07
7.715000e-01 4.655160e-07
8.855000e-01 5.096336e-07
1.000000e+00 5.673429e-07
1.114500e+00 6.349125e-07
1.228500e+00 7.096104e-07
1.343000e+00 7.921760e-07
1.457000e+00 8.847088e-07
1.571500e+00 9.866671e-07
1.685500e+00 1.183208e-06
1.800000e+00 1.460595e-06
1.914500e+00 1.875984e-06
2.028500e+00 2.032487e-06
2.143000e+00 2.191098e-06
2.257000e+00 2.349868e-06
2.371500e+00 2.510564e-06
2.485500e+00 2.672428e-06
2.600000e+00 2.835082e-06
2.714500e+00 2.999510e-06
2.828500e+00 3.164134e-06
2.943000e+00 3.330369e-06
3.057000e+00 3.496506e-06
3.171500e+00 3.664263e-06
3.285500e+00 3.831894e-06
3.400000e+00 4.001176e-06
3.514500e+00 4.171079e-06
3.628500e+00 4.340631e-06
3.743000e+00 4.511900e-06
3.857000e+00 4.682718e-06
3.971500e+00 4.855533e-06
4.085500e+00 5.028017e-06
4.200000e+00 5.202146e-06
4.314500e+00 5.376712e-06
4.428500e+00 5.551850e-06
4.543000e+00 5.728817e-06
4.657000e+00 5.906885e-06
4.771500e+00 6.086785e-06
4.885500e+00 6.267774e-06
5.000000e+00 6.452086e-06
