-1.000099999
-0.877599999
-0.755099999
-0.632599999
-0.510099999
-0.388009426
-0.265500526
-1.430000e-01 3.252116e-07
-2.050000e-02 3.514155e-07
1.020000e-01 3.545230e-07
2.245000e-01 3.727000e-07
3.470000e-01 4.272164e-07
4.695000e-01 4.340962e-07
5.920000e-01 4.444220e-07
7.145000e-01 4.625330e-07
8.365000e-01 4.989764e-07
9.590000e-01 5.574772e-07
1.081500e+00 6.271525e-07
1.204000e+00 7.060474e-07
1.326500e+00 7.926016e-07
1.449000e+00 8.909406e-07
1.571500e+00 9.959274e-07
1.694000e+00 1.046401e-06
1.816500e+00 1.756329e-06
1.939000e+00 1.922532e-06
2.061000e+00 2.090147e-06
2.183500e+00 2.260066e-06
2.306000e+00 2.431645e-06
2.428500e+00 2.604917e-06
2.551000e+00 2.778751e-06
2.673500e+00 2.953738e-06
2.796000e+00 3.130841e-06
2.918500e+00 3.307232e-06
3.041000e+00 3.487499e-06
3.163500e+00 3.666691e-06
3.285500e+00 3.845033e-06
3.408000e+00 4.026359e-06
3.530500e+00 4.208087e-06
3.653000e+00 4.391064e-06
3.775500e+00 4.574478e-06
3.898000e+00 4.758926e-06
4.020500e+00 4.943896e-06
4.143000e+00 5.129752e-06
4.265500e+00 5.316676e-06
4.388000e+00 5.504263e-06
4.510000e+00 5.692463e-06
4.632500e+00 5.883636e-06
4.755000e+00 6.075928e-06
4.877500e+00 6.271244e-06
5.000000e+00 6.468490e-06
