-0.600099999
-0.485561583
-0.371507258
-0.257000334
-1.430000e-01 3.437565e-07
-2.850000e-02 3.689954e-07
8.550000e-02 3.716622e-07
2.000000e-01 3.840600e-07
3.145000e-01 4.288493e-07
4.285000e-01 4.479335e-07
5.430000e-01 4.570956e-07
6.570000e-01 4.683287e-07
7.715000e-01 4.948576e-07
8.855000e-01 5.381638e-07
1.000000e+00 5.963992e-07
1.114500e+00 6.654641e-07
1.228500e+00 7.384180e-07
1.343000e+00 8.204962e-07
1.457000e+00 9.125948e-07
1.571500e+00 1.005022e-06
1.685500e+00 1.214284e-06
1.800000e+00 1.496989e-06
1.914500e+00 1.906103e-06
2.028500e+00 2.062271e-06
2.143000e+00 2.221058e-06
2.257000e+00 2.380173e-06
2.371500e+00 2.541050e-06
2.485500e+00 2.702709e-06
2.600000e+00 2.865691e-06
2.714500e+00 3.030105e-06
2.828500e+00 3.194823e-06
2.943000e+00 3.361270e-06
3.057000e+00 3.527380e-06
3.171500e+00 3.695376e-06
3.285500e+00 3.863227e-06
3.400000e+00 4.032363e-06
3.514500e+00 4.202289e-06
3.628500e+00 4.372227e-06
3.743000e+00 4.543546e-06
3.857000e+00 4.713838e-06
3.971500e+00 4.880525e-06
4.085500e+00 5.059589e-06
4.200000e+00 5.233860e-06
4.314500e+00 5.409108e-06
4.428500e+00 5.579660e-06
4.543000e+00 5.762207e-06
4.657000e+00 5.940638e-06
4.771500e+00 6.120651e-06
4.885500e+00 6.301918e-06
5.000000e+00 6.486710e-06
